42
109
116
85
46
110
46
22
73
35
58
26
56
73
102
114
68
32
82
85
60
22
59
37
38
77
108
60
44
77
24
55
61
64
29
48
73
80
85
46
58
108
63
61
27
112
102
71
91
48
84
31
73
36
90
106
29
67
83
52
88
115
90
43
54
109
119
83
32
50
45
58
88
63
55
94
108
112
62
104
50
31
89
63
58
35
64
76
22
112
98
79
97
46
73
83
48
94
107
99
52
81
79
48
69
61
74
51
56
74
74
62
46
85
47
69
70
47
82
70
48
80
46
53
75
79
47
51
50
67
80
74
72
86
87
65
74
81
50
78
71
86
54
51
63
77
45
51
77
59
46
76
75
78
77
57
67
47
70
47
85
53
62
68
65
57
89
77
63
64
45
73
49
54
59
69
65
74
70
87
58
74
63
67
66
62
50
75
61
70
88
65
73
86
58
66
59
63
88
59
